002683 13
002527 12
003132 12
004216 12
003344 12
007313 12
004052 12
002452 11
003051 11
003599 11
002678 11
002873 11
006157 11
000113 11
007421 11
005352 11
003444 11
003973 11
003695 11
002832 11
003507 11
005516 10
003813 10
005209 10
001681 10
005674 10
004029 10
007256 10
004614 10
002126 10
001767 10
002632 10
006562 10
001891 10
002912 10
006084 10
003917 10
005691 10
000095 10
003574 10
006260 10
003500 10
006376 10
007114 10
000643 10
000867 10
004857 10
000369 10
002627 10
001227 10
005552 10
001806 10
000513 10
002588 10
002409 10
003169 10
000531 10
000986 9
002349 9
007228 9
006295 9
001349 9
001062 9
006345 9
001612 9
004992 9
005764 9
001287 9
001812 9
004621 9
000423 9
004071 9
007314 9
000500 9
002205 9
000833 9
005929 9
001676 9
002318 9
006820 9
002155 9
004978 9
006497 9
007102 9
000977 9
001616 9
004838 9
005160 9
000352 9
006902 9
007107 9
003704 9
004684 9
001596 9
005073 9
001142 9
002067 9
002295 9
003690 9
006721 9
001908 9
001457 9
000146 9
001370 9
005320 9
003093 9
003072 9
003356 9
001043 9
003163 9
003120 9
003304 9
006007 9
007404 9
006291 9
003309 9
006251 9
005717 9
007393 9
005216 9
002105 9
004492 9
006143 9
006064 9
005946 9
002449 9
005366 9
006389 9
004086 9
006639 9
001071 9
003801 9
000432 9
002790 9
004916 9
000553 9
001773 9
006365 9
003017 8
000038 8
000579 8
000919 8
001082 8
005748 8
003991 8
002333 8
002708 8
004406 8
005858 8
001429 8
001138 8
003785 8
003459 8
002107 8
000669 8
004560 8
001244 8
007014 8
004331 8
001246 8
000586 8
005012 8
006960 8
001610 8
006180 8
002807 8
000285 8
007248 8
002441 8
000757 8
004764 8
003781 8
004985 8
002375 8
001301 8
002841 8
001690 8
004993 8
003055 8
007067 8
001412 8
004007 8
003622 8
000415 8
001410 8
004193 8
002293 8
000945 8
005680 8
005948 8
000169 8
003335 8
004533 8
001840 8
004553 8
006810 8
005220 8
006055 8
005625 8
002972 8
001464 8
002508 8
002212 8
001868 8
004885 8
006401 8
003513 8
005403 8
006780 8
005982 8
001741 8
003131 8
004603 8
000752 8
001625 8
000316 8
003514 8
000191 8
001306 8
002177 8
000843 8
004572 8
003993 8
005537 8
001674 8
004637 8
004948 8
003531 8
007414 8
001794 8
005431 8
003537 8
000985 8
007011 8
006595 8
003661 8
003113 8
000685 8
005542 8
003381 8
004214 8
004800 8
007046 8
005682 8
003564 8
000330 8
001383 8
005866 8
006926 8
001044 8
002752 8
000796 8
002734 8
006361 8
000785 8
007200 8
005864 8
002142 8
005241 8
002414 8
006003 8
006660 8
001721 8
004447 8
002050 8
005654 8
006932 8
004006 8
001163 8
003887 8
000248 8
001458 8
002978 8
005171 8
004682 8
003758 8
004304 8
006390 8
001083 8
003092 8
003653 8
000099 8
001954 8
007174 8
000445 8
002018 8
004743 8
005732 8
003708 8
002317 8
004366 8
001475 8
002147 8
005853 8
005848 8
006648 8
005530 8
001801 8
007388 8
002254 8
002290 8
002082 8
006063 8
007273 8
005892 8
003822 8
001659 8
005104 8
002486 8
002510 8
004243 8
005126 8
007015 8
004127 8
005661 8
005436 8
006416 8
000628 8
005178 8
000791 8
001580 8
006423 8
004295 8
004900 8
002629 8
001100 8
006189 8
001576 8
000951 8
007401 7
002872 7
003744 7
002129 7
000463 7
004519 7
000935 7
006314 7
001054 7
000361 7
004516 7
000111 7
004257 7
001035 7
002853 7
003657 7
006843 7
006034 7
007315 7
005419 7
003004 7
001896 7
000692 7
002674 7
000492 7
005098 7
007480 7
001102 7
006567 7
006172 7
006306 7
005426 7
005049 7
001010 7
002818 7
004324 7
004631 7
002874 7
004814 7
002989 7
005427 7
000677 7
007341 7
002615 7
005125 7
002181 7
003746 7
003652 7
004787 7
003621 7
003508 7
002731 7
003870 7
004809 7
003931 7
004555 7
000694 7
005096 7
006322 7
006110 7
006106 7
002194 7
007210 7
004887 7
005314 7
000357 7
007000 7
005260 7
000483 7
002688 7
006783 7
000404 7
004633 7
000274 7
004668 7
007366 7
004294 7
002934 7
001209 7
004217 7
002960 7
003019 7
005963 7
004010 7
005203 7
007233 7
005700 7
005182 7
005580 7
005072 7
000667 7
001937 7
004673 7
006953 7
000956 7
003394 7
001999 7
004902 7
000837 7
001926 7
004874 7
003473 7
005321 7
006489 7
005057 7
005010 7
001224 7
001618 7
005056 7
003341 7
000389 7
005800 7
002378 7
001223 7
002216 7
002275 7
004735 7
003901 7
003440 7
000339 7
001765 7
001564 7
007101 7
003237 7
005029 7
006779 7
004793 7
005356 7
000768 7
002209 7
000736 7
005083 7
007209 7
000541 7
001248 7
002388 7
005191 7
001743 7
000284 7
004234 7
004148 7
004707 7
003206 7
001065 7
004496 7
004391 7
002935 7
006637 7
004758 7
000762 7
006798 7
000795 7
005721 7
006300 7
003894 7
006127 7
000264 7
004909 7
000597 7
005348 7
004511 7
002399 7
004730 7
003240 7
005198 7
004742 7
004352 7
003015 7
005496 7
004322 7
000178 7
001125 7
002419 7
004919 7
005058 7
007394 7
006011 7
000114 7
007402 7
000780 7
005157 7
006942 7
007131 7
006684 7
000161 7
006889 7
002044 7
004981 7
002187 7
006952 7
000590 7
003929 7
005959 7
005119 7
007364 7
007342 7
005950 7
003642 7
001367 7
002157 7
002474 7
005481 7
004409 7
004063 7
004685 7
001120 7
000244 7
004610 7
000311 7
004689 7
000600 7
005360 7
002153 7
001705 7
005868 7
001195 7
004701 7
001230 7
003857 7
002822 7
000110 7
001468 7
001921 7
004368 7
004300 7
002490 7
000310 7
003041 7
000049 7
000120 7
002716 7
003147 7
005498 7
004643 7
006039 7
003008 7
001522 7
006695 7
004716 7
005573 7
000149 7
006559 7
003577 7
002253 7
006589 7
000142 7
002986 7
007301 7
000351 7
000010 7
003620 7
007422 7
005919 7
004965 7
005053 7
000684 7
007156 7
001404 7
004636 7
006281 7
002341 7
006814 7
003691 7
002003 7
006922 7
000745 7
001368 7
005970 7
002395 7
005488 7
002762 7
006775 7
004779 7
000325 7
004051 7
007386 7
002257 7
004269 7
004246 7
005288 7
001199 7
001825 7
004708 7
001955 7
001836 7
001530 7
000936 7
002012 7
000181 7
000714 7
000910 7
001638 7
006663 7
005145 7
004275 7
002024 7
006859 7
004906 7
002533 7
003409 7
003804 7
006429 7
003566 7
002085 7
001893 7
007071 7
004513 7
007185 7
003755 7
000254 7
005632 7
005900 7
004686 7
007026 7
001939 7
002923 7
004254 7
005791 7
006943 7
004834 7
000154 7
003219 7
004045 7
000497 7
000236 7
006929 7
003659 7
006008 7
001494 7
000959 7
004100 7
005952 7
004155 7
005166 7
000348 7
005381 7
006568 7
000490 7
001883 7
002967 6
002996 6
002946 6
000510 6
006640 6
001593 6
003852 6
005618 6
005664 6
002230 6
004811 6
005588 6
006445 6
002152 6
003904 6
003040 6
002200 6
004166 6
002060 6
002859 6
005996 6
000798 6
004306 6
002896 6
002223 6
005602 6
002959 6
001140 6
004520 6
001898 6
005834 6
007169 6
007243 6
003278 6
003651 6
005901 6
006791 6
006238 6
003443 6
005253 6
001591 6
004095 6
004249 6
001603 6
001907 6
003839 6
001852 6
002704 6
004984 6
007259 6
003037 6
005560 6
006149 6
005354 6
000557 6
006027 6
003930 6
001293 6
002380 6
001709 6
004440 6
006805 6
006679 6
003802 6
006587 6
004082 6
000519 6
000386 6
005449 6
007277 6
002826 6
002387 6
005486 6
002816 6
006145 6
005777 6
005330 6
003986 6
002743 6
005024 6
005578 6
003236 6
004549 6
001764 6
004769 6
001476 6
004138 6
004411 6
001662 6
004666 6
007195 6
003663 6
003633 6
003666 6
007462 6
005214 6
006598 6
004798 6
006236 6
003792 6
002604 6
001839 6
005069 6
000558 6
001505 6
006588 6
004312 6
000392 6
002455 6
005479 6
003001 6
002879 6
005038 6
001733 6
005054 6
002357 6
001180 6
001175 6
005280 6
006399 6
002119 6
003959 6
007440 6
006523 6
006163 6
007283 6
001742 6
003283 6
000135 6
001964 6
001221 6
004860 6
006833 6
007442 6
007132 6
000983 6
002786 6
002662 6
002092 6
002746 6
004980 6
000286 6
004739 6
006169 6
004832 6
004959 6
001108 6
004376 6
001481 6
003299 6
003478 6
002450 6
005371 6
005986 6
007445 6
004859 6
006097 6
006224 6
002691 6
006054 6
002976 6
000093 6
005469 6
007099 6
000814 6
001237 6
005026 6
006752 6
002106 6
003915 6
001697 6
005111 6
001731 6
006338 6
000639 6
006048 6
000436 6
004821 6
000053 6
003022 6
004810 6
003203 6
005903 6
004517 6
000185 6
000942 6
002974 6
003357 6
002172 6
003609 6
007263 6
000186 6
003902 6
000847 6
002817 6
003197 6
006770 6
005687 6
003497 6
003541 6
004248 6
003686 6
005210 6
004213 6
002638 6
006862 6
000502 6
000031 6
000138 6
005668 6
006179 6
004713 6
007458 6
006410 6
001878 6
003736 6
002928 6
007309 6
002793 6
003648 6
006853 6
004871 6
004288 6
002102 6
002815 6
003855 6
002697 6
006733 6
005350 6
003676 6
006519 6
004228 6
003941 6
004971 6
003410 6
007204 6
004481 6
001858 6
004990 6
002459 6
005116 6
005843 6
000756 6
001183 6
004260 6
007162 6
004935 6
000882 6
004137 6
004945 6
001573 6
004938 6
004926 6
005546 6
001012 6
007003 6
000350 6
006948 6
004160 6
002035 6
002110 6
004837 6
006045 6
001992 6
005398 6
000152 6
007339 6
005514 6
006082 6
006694 6
006426 6
001643 6
002086 6
006198 6
004181 6
000527 6
007160 6
001438 6
000382 6
004401 6
006532 6
005071 6
001150 6
006069 6
006754 6
002169 6
000599 6
002973 6
005392 6
002547 6
003521 6
002263 6
001745 6
000335 6
003923 6
001788 6
004054 6
003192 6
001139 6
000729 6
001497 6
005631 6
002407 6
005269 6
003863 6
007360 6
002926 6
003885 6
002925 6
003138 6
005137 6
004032 6
003979 6
006866 6
000201 6
006549 6
006630 6
004818 6
005200 6
003103 6
004301 6
001859 6
000328 6
007470 6
005757 6
001277 6
002088 6
006081 6
005386 6
003831 6
001560 6
005695 6
006632 6
005074 6
001701 6
006312 6
000395 6
004156 6
003674 6
000429 6
006649 6
002495 6
001941 6
000192 6
001855 6
003194 6
005774 6
000172 6
007325 6
006692 6
003301 6
003830 6
003494 6
003782 6
002933 6
002158 6
002272 6
005276 6
005660 6
002517 6
001718 6
004371 6
000159 6
005138 6
004604 6
001872 6
004715 6
006765 6
000173 6
003353 6
004263 6
001077 6
000008 6
003684 6
006211 6
005983 6
002173 6
001512 6
003811 6
007430 6
000846 6
007151 6
003107 6
000362 6
005164 6
006594 6
001928 6
000572 6
004920 6
000488 6
001028 6
001533 6
002471 6
000393 6
003641 6
006431 6
001856 6
002940 6
004587 6
000742 6
002782 6
000089 6
002262 6
002635 6
000741 6
004616 6
006990 6
001452 6
001162 6
003310 6
001274 6
005719 6
007124 6
003160 6
005508 6
005855 6
003498 6
001909 6
002139 6
003048 6
005102 6
006979 6
004617 6
005414 6
005780 6
002611 6
006344 6
005621 6
003043 6
006781 6
006156 6
003749 6
005326 6
003872 6
005909 6
005190 6
003097 6
004207 6
004238 6
001535 6
002068 6
001967 6
007182 6
001614 6
004493 6
003338 6
007424 6
002846 6
007138 6
005090 6
002182 6
001565 6
000266 6
004392 6
001254 6
000540 6
002867 6
004999 6
004196 6
003810 6
003639 6
004923 6
000213 6
004578 6
001723 6
006710 6
006372 6
004772 6
001232 6
005648 6
006161 6
002712 6
002540 6
005771 6
006498 6
000346 6
000371 6
000183 6
006870 6
007208 6
002385 6
000965 6
000787 6
004163 6
002281 6
001495 6
005251 6
003563 6
004369 6
007087 6
004542 6
004648 6
002637 6
000998 6
002096 6
001991 6
001048 6
001583 6
006904 6
006867 6
005407 6
006625 6
001602 6
002721 6
001552 6
002594 6
007163 6
004290 6
002652 6
004653 6
004035 6
003982 6
004378 6
006689 6
000994 6
003807 6
004518 6
007005 6
003884 6
001595 6
002698 6
000471 6
005610 6
005936 6
003555 6
002345 6
000725 6
002150 6
005675 6
003983 6
006642 6
000868 6
001262 6
003933 6
007031 6
006602 6
000515 6
006077 6
002711 6
001780 6
004297 6
004911 6
003030 6
006622 6
000782 6
003725 6
004326 6
006469 6
001769 6
006845 6
004270 6
001011 6
007064 6
005598 6
002168 6
006864 6
001038 5
007242 5
000856 5
003064 5
003980 5
002303 5
002592 5
006611 5
005395 5
000297 5
003803 5
006950 5
003274 5
002195 5
003935 5
007454 5
005885 5
005795 5
001116 5
004078 5
003503 5
003484 5
003265 5
006371 5
003949 5
001170 5
001117 5
003937 5
001582 5
000802 5
001056 5
007379 5
005833 5
004884 5
001172 5
002561 5
002214 5
000323 5
003434 5
003719 5
007097 5
002756 5
004462 5
002673 5
002225 5
001435 5
001240 5
000554 5
002861 5
004038 5
005911 5
001630 5
003375 5
005401 5
001679 5
002639 5
007029 5
006590 5
000859 5
001398 5
005999 5
002606 5
005272 5
005466 5
002437 5
001085 5
002366 5
000165 5
004719 5
005842 5
002070 5
001278 5
000083 5
002079 5
002964 5
002824 5
002992 5
002481 5
000104 5
004206 5
004710 5
007013 5
004370 5
003087 5
006233 5
004632 5
003836 5
005088 5
002473 5
006665 5
005246 5
003486 5
002392 5
003493 5
004158 5
002404 5
007403 5
002479 5
005123 5
001562 5
003984 5
001089 5
006370 5
000197 5
005036 5
006944 5
005211 5
004654 5
004943 5
006356 5
000462 5
001416 5
007177 5
007203 5
000356 5
007093 5
002128 5
006978 5
005420 5
001771 5
001127 5
003529 5
000318 5
003167 5
006254 5
001606 5
002002 5
002145 5
006879 5
000279 5
005013 5
006846 5
004672 5
007330 5
003569 5
002454 5
006191 5
006263 5
001261 5
005512 5
004307 5
005722 5
000408 5
003173 5
002575 5
002987 5
000479 5
006113 5
004640 5
007137 5
002305 5
004186 5
001020 5
001882 5
002371 5
002229 5
003214 5
005094 5
001513 5
007032 5
006117 5
004491 5
007033 5
001158 5
005574 5
004766 5
003441 5
003361 5
005382 5
006391 5
006991 5
003598 5
005534 5
001557 5
002858 5
004571 5
004276 5
003208 5
001305 5
000641 5
007350 5
000385 5
002433 5
003275 5
001084 5
007117 5
006078 5
001393 5
002384 5
004083 5
000793 5
003779 5
006059 5
000427 5
006278 5
001151 5
000732 5
007383 5
002040 5
006310 5
002984 5
002812 5
005473 5
007337 5
007153 5
003252 5
007299 5
005180 5
001013 5
005630 5
004232 5
006137 5
005045 5
000216 5
000039 5
001107 5
000751 5
006897 5
004748 5
004435 5
000637 5
005250 5
002845 5
002848 5
005134 5
000050 5
002332 5
003499 5
003382 5
007475 5
003104 5
006972 5
001670 5
002866 5
003355 5
002311 5
003407 5
002314 5
004953 5
004311 5
002130 5
005008 5
003706 5
001086 5
006764 5
006438 5
006755 5
001843 5
006342 5
003488 5
000970 5
001461 5
003662 5
000455 5
005109 5
002726 5
001778 5
004328 5
003094 5
005255 5
002544 5
003187 5
007042 5
006457 5
005707 5
006531 5
006927 5
006493 5
002062 5
003358 5
003086 5
003778 5
003568 5
006667 5
005652 5
006923 5
002344 5
000850 5
000107 5
001337 5
004154 5
005443 5
001919 5
003730 5
001356 5
001465 5
006495 5
005499 5
002443 5
000401 5
006772 5
001222 5
005981 5
004421 5
001963 5
001685 5
006307 5
004946 5
006718 5
001916 5
001604 5
000262 5
006743 5
001469 5
002476 5
006624 5
002911 5
006731 5
003211 5
000805 5
005819 5
000696 5
007166 5
005162 5
005245 5
001333 5
003053 5
004624 5
006751 5
005095 5
001153 5
002446 5
004691 5
006033 5
002462 5
000249 5
002677 5
000486 5
004558 5
002219 5
005891 5
002839 5
005973 5
001190 5
001683 5
000226 5
003371 5
003311 5
003681 5
006386 5
002435 5
002773 5
003951 5
001592 5
006928 5
007249 5
005557 5
005579 5
005623 5
005634 5
004822 5
001929 5
001740 5
006655 5
001747 5
003646 5
004790 5
001447 5
001414 5
005099 5
001415 5
006616 5
005639 5
007065 5
000906 5
004179 5
002234 5
002415 5
007218 5
002546 5
001336 5
000234 5
000562 5
003505 5
000591 5
004929 5
005589 5
006368 5
003442 5
002975 5
006983 5
000211 5
005645 5
001508 5
006895 5
000338 5
006155 5
003124 5
003386 5
003701 5
002193 5
006789 5
004120 5
005666 5
003323 5
007059 5
004259 5
002232 5
005761 5
005261 5
006080 5
007396 5
001897 5
001288 5
005822 5
002256 5
003808 5
002549 5
002489 5
000754 5
006153 5
004452 5
005132 5
005327 5
001514 5
003625 5
003879 5
000922 5
005411 5
006040 5
001388 5
004360 5
002367 5
007260 5
001895 5
000620 5
005620 5
001146 5
005609 5
004843 5
005915 5
006725 5
002338 5
007435 5
004659 5
000831 5
000218 5
006141 5
001311 5
000494 5
000823 5
003280 5
004752 5
006173 5
002753 5
005762 5
001734 5
004551 5
000903 5
005595 5
000615 5
005788 5
003806 5
006911 5
000623 5
004711 5
006672 5
006753 5
005316 5
007171 5
006597 5
005163 5
004433 5
000912 5
006192 5
000475 5
005156 5
004803 5
007066 5
000210 5
007196 5
001426 5
003423 5
000614 5
000068 5
001874 5
005140 5
004499 5
004479 5
002599 5
006463 5
003288 5
005975 5
005044 5
002134 5
000548 5
004467 5
006628 5
006678 5
005087 5
007216 5
004062 5
006726 5
003647 5
006129 5
002340 5
004145 5
002899 5
006066 5
005383 5
007012 5
004677 5
006450 5
005174 5
003172 5
006448 5
001483 5
003816 5
003565 5
002672 5
005453 5
003320 5
005957 5
006404 5
007183 5
001550 5
004122 5
004478 5
007225 5
006842 5
005201 5
005136 5
007007 5
006320 5
006447 5
005148 5
004118 5
003896 5
006525 5
006068 5
004388 5
006366 5
002405 5
005019 5
003519 5
006788 5
004894 5
006844 5
006050 5
002183 5
003911 5
007353 5
001753 5
001515 5
005729 5
005803 5
001663 5
001096 5
005505 5
000036 5
005266 5
000421 5
001460 5
005287 5
002641 5
006160 5
005061 5
001688 5
002573 5
005570 5
004236 5
000047 5
002112 5
005871 5
003602 5
003224 5
005773 5
006571 5
006047 5
004194 5
005677 5
004289 5
005572 5
003717 5
000612 5
005705 5
005333 5
005628 5
001104 5
002228 5
003465 5
004525 5
003812 5
004067 5
002612 5
006707 5
006114 5
001290 5
005291 5
000819 5
003021 5
006298 5
001446 5
006612 5
005022 5
005135 5
001078 5
003767 5
003314 5
003790 5
002854 5
003116 5
006992 5
005410 5
005781 5
001490 5
004363 5
002847 5
006256 5
003337 5
002558 5
002985 5
000442 5
003603 5
006273 5
002963 5
006136 5
000127 5
000708 5
000410 5
000370 5
005084 5
003231 5
005556 5
004964 5
005831 5
005751 5
001206 5
001007 5
005500 5
003958 5
004226 5
000877 5
003964 5
001820 5
004515 5
001837 5
006520 5
006379 5
003731 5
000719 5
001217 5
005844 5
003260 5
007121 5
006403 5
006886 5
001136 5
001862 5
003605 5
006417 5
000857 5
007142 5
002748 5
000582 5
003039 5
000944 5
001045 5
006147 5
006186 5
003903 5
000651 5
000778 5
005040 5
006245 5
006564 5
004218 5
006394 5
000424 5
006090 5
006570 5
000511 5
003227 5
006468 5
001959 5
001539 5
002465 5
004858 5
001818 5
003618 5
005728 5
004387 5
006746 5
001294 5
007039 5
004119 5
004756 5
003317 5
004620 5
002444 5
006026 5
001735 5
005357 5
005149 5
000137 5
001463 5
002744 5
004841 5
000737 5
005917 5
005730 5
003176 5
002103 5
006116 5
005023 5
002020 5
006542 5
002895 5
006535 5
000649 5
000688 5
004541 5
002947 5
006408 5
002929 5
004770 5
000491 5
002580 5
004714 5
006449 5
003078 5
001369 5
006963 5
001391 5
006987 5
001024 5
005987 5
005922 5
000632 5
002322 5
007081 5
001559 5
000112 5
003396 5
000980 5
007323 5
004979 5
006005 5
005189 5
006490 5
002825 5
004845 5
002170 5
007050 5
006146 5
000539 5
001673 5
005103 5
002461 5
006662 5
007051 5
004476 5
000301 5
005622 5
005581 5
003715 5
006527 5
003328 5
003209 5
005234 5
003539 4
005342 4
003105 4
002601 4
007453 4
000276 4
001751 4
000849 4
002250 4
005179 4
003262 4
003829 4
001708 4
005089 4
003745 4
004320 4
000575 4
002679 4
003281 4
000140 4
004124 4
001009 4
003909 4
001594 4
005814 4
003932 4
007474 4
001545 4
004221 4
002586 4
006954 4
006474 4
000235 4
003732 4
000995 4
003570 4
006015 4
005908 4
006326 4
007085 4
000705 4
005361 4
001671 4
000344 4
006544 4
006275 4
004064 4
004190 4
005755 4
004526 4
002805 4
000116 4
001417 4
001686 4
007346 4
002221 4
001645 4
007384 4
000664 4
005294 4
007119 4
003470 4
006939 4
004852 4
003474 4
005599 4
001744 4
001145 4
000739 4
002942 4
004598 4
003968 4
000098 4
002049 4
003960 4
003716 4
007140 4
005176 4
005406 4
007407 4
001597 4
002795 4
002484 4
000776 4
000075 4
004310 4
006470 4
002021 4
001243 4
001275 4
000588 4
000528 4
000605 4
002274 4
001763 4
005918 4
007247 4
000804 4
003302 4
002072 4
005689 4
000996 4
003343 4
003832 4
007240 4
002078 4
005877 4
002285 4
004892 4
006242 4
003098 4
005006 4
001486 4
001506 4
006757 4
005889 4
001268 4
004721 4
004545 4
006959 4
000354 4
007264 4
004241 4
001363 4
007038 4
006631 4
003170 4
003847 4
006836 4
000680 4
001309 4
005122 4
004383 4
006031 4
000962 4
000506 4
003549 4
001569 4
002890 4
007423 4
005725 4
003012 4
007459 4
006195 4
001876 4
005478 4
004412 4
004286 4
005128 4
003592 4
005184 4
006305 4
003975 4
006530 4
003457 4
004961 4
000642 4
005741 4
000343 4
006060 4
001154 4
000403 4
005947 4
002878 4
005221 4
004506 4
006936 4
003517 4
002382 4
003388 4
002991 4
001755 4
006989 4
003073 4
000763 4
002789 4
002137 4
001201 4
003369 4
006208 4
002685 4
005998 4
007135 4
007234 4
002597 4
004876 4
006808 4
001691 4
006461 4
003860 4
003866 4
004777 4
001815 4
007444 4
004725 4
005033 4
003319 4
006402 4
006052 4
002237 4
001586 4
000485 4
000567 4
004596 4
000480 4
006882 4
005239 4
003430 4
000963 4
000387 4
006388 4
002131 4
006514 4
000261 4
004282 4
006432 4
000397 4
003391 4
004789 4
004700 4
003392 4
005032 4
007316 4
004808 4
004463 4
006515 4
004123 4
001182 4
002831 4
003091 4
004025 4
006917 4
002413 4
005186 4
004480 4
005322 4
001710 4
000982 4
005175 4
002113 4
005161 4
003458 4
005275 4
003143 4
007148 4
007451 4
001276 4
006659 4
006635 4
005942 4
004599 4
003216 4
004004 4
002423 4
004375 4
006822 4
001470 4
007355 4
005927 4
007291 4
000750 4
000212 4
004856 4
006509 4
002541 4
005849 4
005362 4
000909 4
000647 4
005487 4
001510 4
000545 4
005642 4
000981 4
007311 4
003936 4
004794 4
002292 4
006967 4
003346 4
004220 4
003241 4
000380 4
005624 4
005325 4
003624 4
001443 4
005415 4
000420 4
001772 4
006271 4
006467 4
001536 4
005926 4
006362 4
006018 4
000231 4
000079 4
007088 4
007149 4
002054 4
005613 4
000809 4
002730 4
001371 4
005457 4
007267 4
006868 4
005092 4
002260 4
000019 4
005153 4
005820 4
006856 4
000516 4
005295 4
003697 4
000046 4
000131 4
004162 4
000884 4
001649 4
002993 4
003824 4
004350 4
002331 4
002185 4
002439 4
003285 4
002747 4
004896 4
002777 4
006430 4
004009 4
006728 4
007415 4
002738 4
006237 4
006138 4
004405 4
007437 4
002948 4
006593 4
003181 4
001500 4
000259 4
005423 4
000589 4
005501 4
006998 4
004734 4
001917 4
002883 4
004484 4
001867 4
006324 4
001542 4
006202 4
001537 4
007349 4
001841 4
006817 4
002532 4
006046 4
000025 4
004303 4
006787 4
001403 4
003760 4
000449 4
005575 4
004635 4
005257 4
002644 4
000749 4
006548 4
000168 4
004458 4
003013 4
005143 4
000871 4
002397 4
006569 4
000377 4
007329 4
006540 4
003395 4
001075 4
004473 4
000760 4
003006 4
002595 4
001978 4
006272 4
004341 4
003293 4
004146 4
000258 4
006266 4
004205 4
005523 4
006286 4
001015 4
001320 4
001318 4
000468 4
003462 4
004486 4
005046 4
000976 4
004995 4
001555 4
002503 4
001796 4
002980 4
001164 4
001590 4
005811 4
003687 4
004450 4
006633 4
003150 4
004544 4
001453 4
005583 4
001039 4
003151 4
002823 4
002961 4
005793 4
003891 4
003146 4
002468 4
006000 4
000176 4
004098 4
004833 4
002416 4
007019 4
004066 4
001904 4
003141 4
001187 4
003756 4
004031 4
006494 4
004661 4
000188 4
004351 4
002394 4
004867 4
004831 4
004802 4
000885 4
003200 4
007043 4
006669 4
004576 4
005794 4
004782 4
000734 4
004092 4
000016 4
005893 4
000870 4
004333 4
000217 4
001413 4
003340 4
004664 4
005177 4
006067 4
002965 4
004828 4
001979 4
006042 4
004466 4
005455 4
002905 4
005159 4
004982 4
007463 4
005807 4
005101 4
004962 4
006334 4
001097 4
001759 4
002497 4
007363 4
006014 4
000493 4
005643 4
005238 4
005653 4
001966 4
000096 4
005971 4
007193 4
000902 4
003483 4
002542 4
006253 4
001322 4
003230 4
005720 4
005405 4
005465 4
007028 4
002509 4
007069 4
006016 4
005962 4
000121 4
000157 4
007478 4
004336 4
002543 4
006769 4
001962 4
004317 4
002990 4
000704 4
005874 4
001442 4
003244 4
001128 4
002567 4
005770 4
006956 4
000358 4
006534 4
002797 4
001646 4
005704 4
001775 4
004418 4
005464 4
000991 4
005000 4
005063 4
000472 4
005646 4
004468 4
000160 4
000246 4
002335 4
004753 4
003298 4
002719 4
003139 4
001947 4
005569 4
003865 4
000443 4
003142 4
005564 4
002448 4
004281 4
005152 4
003545 4
004883 4
004881 4
003032 4
007241 4
006187 4
007034 4
006004 4
005461 4
000064 4
002667 4
006025 4
001270 4
005612 4
001377 4
001147 4
000078 4
007178 4
006385 4
006369 4
001956 4
006863 4
003914 4
005772 4
006964 4
003938 4
006205 4
000930 4
003939 4
001634 4
002559 4
004510 4
004781 4
006970 4
002566 4
000106 4
002300 4
006854 4
004164 4
006557 4
006098 4
005264 4
007236 4
002821 4
004455 4
002136 4
005659 4
000222 4
007139 4
001838 4
001682 4
006246 4
005955 4
005306 4
002199 4
004114 4
000052 4
003818 4
005737 4
004222 4
006482 4
003742 4
003848 4
000275 4
005932 4
002834 4
003378 4
005606 4
000067 4
006225 4
005014 4
007239 4
000125 4
000666 4
006102 4
000405 4
006877 4
006831 4
004424 4
002788 4
001969 4
004101 4
007047 4
005438 4
004601 4
005712 4
000640 4
004287 4
004135 4
002907 4
005992 4
006984 4
003095 4
000092 4
004262 4
002729 4
006135 4
003561 4
004846 4
004471 4
001361 4
005492 4
003268 4
006560 4
006699 4
007235 4
000400 4
000914 4
004817 4
004767 4
006167 4
006723 4
001499 4
001424 4
002057 4
007411 4
004652 4
001746 4
004265 4
002176 4
002398 4
000136 4
003721 4
002552 4
006973 4
004386 4
006285 4
006638 4
005076 4
002758 4
005784 4
004381 4
006508 4
006262 4
004472 4
001002 4
004188 4
003780 4
003408 4
003910 4
006736 4
001052 4
006756 4
004128 4
003284 4
003345 4
004842 4
001541 4
002887 4
000129 4
004609 4
006920 4
005285 4
000360 4
005636 4
004851 4
004157 4
000061 4
000439 4
000938 4
002702 4
001372 4
001143 4
007365 4
004500 4
001584 4
005196 4
002372 4
007022 4
002328 4
004483 4
002167 4
001022 4
001651 4
000171 4
000927 4
004537 4
007226 4
006686 4
005476 4
000484 4
003429 4
001848 4
001123 4
001376 4
007061 4
007180 4
003308 4
007465 4
000447 4
004426 4
001658 4
005332 4
006301 4
004917 4
006092 4
005734 4
004966 4
004069 4
003506 4
002389 4
001380 4
006329 4
004606 4
004755 4
004272 4
000225 4
006381 4
001304 4
000059 4
001204 4
006538 4
007170 4
006249 4
000453 4
005829 4
003101 4
003490 4
005480 4
003056 4
001181 4
004751 4
002983 4
003300 4
005385 4
004625 4
003067 4
006297 4
005273 4
006858 4
004694 4
005442 4
004778 4
001829 4
006500 4
004975 4
006885 4
005752 4
004816 4
001977 4
004639 4
006422 4
000724 4
003080 4
000668 4
001296 4
007056 4
007456 4
000086 4
001445 4
005923 4
006982 4
006526 4
006328 4
004169 4
000555 4
002239 4
004528 4
002687 4
002658 4
007246 4
002161 4
000712 4
004319 4
002135 4
000021 4
002364 4
001877 4
002787 4
005167 4
002957 4
006162 4
001666 4
001711 4
002255 4
002352 4
001241 4
003291 4
000204 4
000674 4
006319 4
006629 4
004942 4
003581 4
002727 4
005043 4
000045 4
004934 4
002101 4
005229 4
004430 4
003601 4
001523 4
001850 4
007294 4
002833 4
005876 4
002827 4
003898 4
002682 4
000713 4
001226 4
006907 4
006968 4
003842 4
003853 4
005173 4
005881 4
000992 4
007120 4
004813 4
004329 4
004839 4
000887 4
005454 4
001058 4
003820 4
007266 4
003656 4
004175 4
005274 4
003796 4
005399 4
005155 4
003992 4
006503 4
005097 4
005669 4
006713 4
001885 4
000495 4
003844 4
007108 4
002014 4
000551 4
003405 4
003228 4
004658 4
000441 4
003677 4
006824 4
000890 4
005236 4
003886 4
006154 4
002000 4
006857 4
002937 4
005832 4
007104 4
006834 4
007296 4
005027 4
006599 4
001472 4
004099 4
005379 4
007060 4
004090 4
005011 4
003225 4
006618 4
007357 4
000735 4
006175 4
004688 4
006507 4
000252 4
007123 4
006296 4
003567 4
006664 4
005315 4
001938 4
003638 4
006829 4
006350 4
006766 4
004200 4
002692 4
002308 4
001585 4
001951 4
006614 4
003417 4
003058 4
002268 4
004011 4
002631 4
001925 4
005553 4
001493 4
004023 4
000117 4
005249 4
002647 4
005787 4
002520 4
005591 4
002038 4
007426 4
001844 4
003772 4
005921 4
003436 4
005928 4
004776 4
000848 4
006945 4
001060 4
001813 4
001184 4
000549 4
004014 4
002077 4
005635 4
003800 4
002871 4
002406 4
002724 4
005367 4
001538 4
005940 4
004875 4
007027 4
002227 4
007400 4
006985 4
002569 4
000425 4
002572 4
002539 4
006910 4
003057 4
001317 4
007095 3
001680 3
006906 3
003023 3
002939 3
000452 3
007211 3
000359 3
002350 3
002301 3
004504 3
005025 3
002132 3
006501 3
001326 3
004592 3
002922 3
004475 3
004586 3
004736 3
006036 3
004022 3
007467 3
000879 3
005034 3
003075 3
003871 3
003588 3
000920 3
002614 3
006826 3
001960 3
000948 3
005736 3
003157 3
006812 3
000253 3
006708 3
003547 3
002211 3
003543 3
007213 3
007001 3
007070 3
006103 3
006413 3
001914 3
003650 3
002741 3
006203 3
005206 3
002436 3
002051 3
005188 3
001284 3
003184 3
007274 3
001023 3
006717 3
000321 3
001668 3
003439 3
005852 3
003403 3
000634 3
005489 3
003854 3
006264 3
001159 3
000374 3
005041 3
000609 3
006315 3
001474 3
007089 3
004645 3
000243 3
003399 3
007284 3
006995 3
004108 3
000080 3
006724 3
003553 3
005458 3
006940 3
000621 3
000289 3
001480 3
000907 3
007312 3
003418 3
000624 3
001720 3
003619 3
001808 3
004697 3
002248 3
001168 3
005195 3
000150 3
006837 3
005335 3
007380 3
001656 3
000655 3
006740 3
002353 3
005413 3
006644 3
003501 3
001608 3
002258 3
006409 3
003325 3
000242 3
003061 3
006915 3
002737 3
006037 3
003372 3
000975 3
000941 3
003213 3
006405 3
000969 3
005248 3
000916 3
006852 3
003165 3
000450 3
005727 3
006002 3
000897 3
003919 3
002098 3
000062 3
002163 3
001607 3
007063 3
003614 3
000875 3
004910 3
006647 3
000543 3
000291 3
005409 3
005860 3
006290 3
005827 3
006848 3
004161 3
007134 3
005299 3
003026 3
004774 3
003946 3
001352 3
000372 3
004891 3
003005 3
003976 3
000676 3
004626 3
004382 3
000585 3
000320 3
002004 3
000583 3
005861 3
006398 3
003595 3
004042 3
006735 3
007194 3
001980 3
003626 3
002233 3
000601 3
000652 3
002376 3
003751 3
001918 3
000691 3
004988 3
003658 3
004348 3
004385 3
001042 3
006840 3
004141 3
007433 3
004863 3
001245 3
006358 3
001040 3
005334 3
006702 3
004277 3
002988 3
002778 3
000391 3
007466 3
002982 3
003705 3
005052 3
005359 3
004799 3
002760 3
004242 3
005529 3
002621 3
005698 3
003460 3
002347 3
000032 3
006257 3
006483 3
007167 3
003892 3
000853 3
002218 3
001511 3
004402 3
007232 3
000626 3
003528 3
004824 3
007391 3
004957 3
005884 3
003509 3
002246 3
000402 3
003881 3
005308 3
006293 3
002028 3
000376 3
004017 3
001344 3
004407 3
000899 3
005337 3
000035 3
007116 3
004994 3
002087 3
000592 3
005568 3
007041 3
007292 3
001214 3
006477 3
007479 3
002656 3
006418 3
004868 3
002880 3
002236 3
001094 3
007098 3
000943 3
006729 3
007091 3
000057 3
002843 3
006513 3
000227 3
006125 3
001932 3
000296 3
001774 3
001332 3
007165 3
001665 3
001411 3
002381 3
001990 3
004423 3
001072 3
001032 3
001299 3
000706 3
003351 3
001491 3
005389 3
003679 3
002765 3
003934 3
001016 3
004540 3
003255 3
005185 3
002622 3
007230 3
004284 3
004763 3
005373 3
002277 3
004866 3
006074 3
002346 3
004244 3
007214 3
006241 3
001063 3
006778 3
006996 3
002511 3
005494 3
000743 3
004431 3
000478 3
002266 3
004611 3
001103 3
004267 3
003289 3
001455 3
004690 3
004174 3
001857 3
003327 3
005318 3
005879 3
000363 3
005144 3
007146 3
004563 3
004819 3
002313 3
000792 3
004913 3
001462 3
003137 3
001192 3
001203 3
005374 3
003254 3
004084 3
002224 3
002377 3
000577 3
006030 3
005991 3
006096 3
007429 3
000578 3
005972 3
002008 3
000419 3
001387 3
004048 3
003027 3
000953 3
000929 3
003562 3
006506 3
002587 3
002623 3
005667 3
000144 3
005718 3
003859 3
001080 3
004705 3
003272 3
003135 3
002359 3
007371 3
001134 3
005228 3
007419 3
001133 3
003347 3
001826 3
003136 3
004804 3
003965 3
000918 3
005886 3
004144 3
003453 3
002581 3
002970 3
005222 3
002754 3
003907 3
003456 3
006462 3
000270 3
000305 3
003961 3
000974 3
000250 3
000524 3
005605 3
005290 3
005062 3
001965 3
002422 3
006849 3
001787 3
004434 3
003412 3
006452 3
004296 3
004702 3
005561 3
006332 3
004314 3
004477 3
005400 3
006220 3
006543 3
003175 3
001976 3
004932 3
005586 3
005112 3
000886 3
003757 3
006150 3
001434 3
004823 3
004197 3
007261 3
000748 3
004650 3
004396 3
003952 3
002302 3
002661 3
001498 3
003874 3
002080 3
003271 3
006095 3
002056 3
002027 3
004557 3
007068 3
004738 3
000631 3
004680 3
004801 3
000413 3
004061 3
005935 3
004439 3
004001 3
006914 3
006108 3
005247 3
000302 3
005468 3
002864 3
001534 3
007343 3
002097 3
002451 3
005754 3
003034 3
006643 3
005571 3
003845 3
007004 3
003010 3
004104 3
002029 3
003551 3
002048 3
004198 3
003042 3
001996 3
003007 3
004264 3
002111 3
003515 3
002534 3
000162 3
006576 3
006043 3
007280 3
003883 3
003876 3
007398 3
000007 3
004941 3
000940 3
004750 3
000645 3
006355 3
002625 3
002083 3
002722 3
002306 3
001803 3
001365 3
002297 3
005181 3
001055 3
002286 3
005416 3
003404 3
003664 3
000522 3
006009 3
001247 3
005600 3
000379 3
002074 3
001528 3
001934 3
004299 3
003190 3
005151 3
002412 3
004921 3
005417 3
006720 3
005384 3
005347 3
003912 3
002579 3
005758 3
000063 3
003851 3
006302 3
002046 3
000101 3
003524 3
005319 3
003834 3
006899 3
000616 3
003900 3
003920 3
004622 3
005242 3
004754 3
001351 3
004548 3
006673 3
003215 3
005345 3
004037 3
006330 3
005802 3
007192 3
005519 3
004651 3
000184 3
000164 3
000426 3
001141 3
002751 3
005890 3
002981 3
001754 3
000412 3
006013 3
000312 3
000733 3
006883 3
005139 3
006126 3
003334 3
001986 3
006737 3
003943 3
000894 3
007303 3
004150 3
007447 3
005349 3
003312 3
006619 3
007128 3
004574 3
005997 3
001264 3
007244 3
000822 3
006058 3
002427 3
001129 3
006851 3
000594 3
004534 3
001280 3
007219 3
004958 3
002201 3
002576 3
006425 3
004057 3
004091 3
004444 3
002442 3
002339 3
005028 3
006811 3
000728 3
001119 3
000952 3
002571 3
005459 3
003238 3
001556 3
001600 3
003998 3
003713 3
001459 3
004612 3
006993 3
005590 3
003799 3
006871 3
004888 3
004554 3
001884 3
003720 3
005298 3
002971 3
002084 3
003234 3
007096 3
001507 3
002770 3
005577 3
003999 3
006891 3
005105 3
003735 3
001173 3
002696 3
007306 3
000315 3
006761 3
002893 3
006623 3
007443 3
007252 3
002626 3
001736 3
003253 3
001330 3
004930 3
000072 3
002470 3
006109 3
004255 3
007020 3
005566 3
000702 3
001255 3
005709 3
003066 3
002750 3
005708 3
005782 3
006533 3
002326 3
003916 3
000459 3
000709 3
006591 3
000245 3
005920 3
003332 3
005585 3
004293 3
002930 3
007476 3
001200 3
001695 3
000269 3
000984 3
005798 3
003764 3
004068 3
003538 3
006869 3
006073 3
000619 3
005627 3
005271 3
004792 3
003994 3
005797 3
000844 3
003878 3
004251 3
003052 3
000939 3
000854 3
003154 3
005562 3
006913 3
000915 3
005815 3
006231 3
002270 3
006734 3
000946 3
002801 3
000803 3
002151 3
001863 3
001563 3
005113 3
005531 3
000037 3
003809 3
000758 3
002794 3
000987 3
004644 3
007172 3
006261 3
000055 3
001165 3
000755 3
000166 3
000293 3
001621 3
005127 3
001216 3
000373 3
005193 3
004420 3
001553 3
001757 3
004184 3
005649 3
005018 3
006561 3
004660 3
005004 3
000182 3
004703 3
007392 3
002785 3
006524 3
006134 3
002241 3
002041 3
001989 3
003016 3
001953 3
005650 3
002093 3
004663 3
005154 3
004280 3
000223 3
001799 3
003115 3
003532 3
002432 3
005313 3
002418 3
001289 3
003119 3
006269 3
000753 3
003257 3
003655 3
001517 3
006512 3
002869 3
002294 3
005953 3
000503 3
003660 3
003461 3
005830 3
005863 3
003882 3
001750 3
005693 3
004033 3
000716 3
002516 3
002584 3
006958 3
000458 3
005377 3
005873 3
002745 3
001943 3
000863 3
006838 3
005967 3
004185 3
003840 3
007184 3
003747 3
001551 3
006961 3
000319 3
002998 3
006874 3
003305 3
004191 3
002714 3
000521 3
001842 3
001479 3
000603 3
007157 3
007205 3
005672 3
005913 3
006099 3
007198 3
006424 3
005821 3
002771 3
000537 3
001448 3
007164 3
006604 3
003025 3
003672 3
005051 3
000686 3
005507 3
001378 3
005283 3
004820 3
005979 3
006166 3
004105 3
007100 3
004530 3
003944 3
006437 3
002828 3
001253 3
002483 3
001901 3
005129 3
005527 3
000238 3
004298 3
002356 3
002460 3
003833 3
001000 3
002809 3
006481 3
003352 3
000648 3
007037 3
005086 3
002090 3
006551 3
003640 3
004806 3
003239 3
003128 3
001257 3
006056 3
004830 3
004121 3
004835 3
004036 3
000699 3
001623 3
005293 3
001225 3
001303 3
004337 3
000898 3
002706 3
005391 3
002043 3
004344 3
000958 3
005723 3
001003 3
000638 3
003416 3
000163 3
001308 3
001687 3
006909 3
006041 3
001034 3
003600 3
003710 3
003226 3
004070 3
005778 3
007359 3
004670 3
001281 3
002009 3
001131 3
001148 3
000765 3
007206 3
003350 3
005796 3
003794 3
002458 3
004968 3
003368 3
002039 3
004720 3
005495 3
005904 3
005528 3
001179 3
004593 3
005685 3
005067 3
005906 3
004880 3
005213 3
003287 3
006738 3
005064 3
002505 3
002033 3
005596 3
001845 3
005914 3
007191 3
004102 3
001781 3
004274 3
003535 3
002319 3
003775 3
001389 3
005310 3
006496 3
002670 3
003864 3
005539 3
000542 3
002968 3
001114 3
004126 3
006079 3
000904 3
007035 3
003471 3
001875 3
002897 3
005265 3
001118 3
000611 3
002962 3
005016 3
002555 3
006123 3
000917 3
002525 3
000924 3
000470 3
001521 3
003428 3
000430 3
005629 3
005775 3
002202 3
001273 3
007016 3
006243 3
004245 3
003585 3
000139 3
000683 3
003364 3
001831 3
005282 3
007145 3
005217 3
005766 3
001578 3
001021 3
006336 3
000340 3
004882 3
001059 3
004096 3
004556 3
006303 3
000772 3
005002 3
001185 3
007297 3
005055 3
001930 3
004905 3
006093 3
005300 3
004718 3
004113 3
001770 3
005256 3
007385 3
006317 3
003512 3
004372 3
005428 3
005847 3
007045 3
006491 3
004432 3
004019 3
000271 3
000864 3
006177 3
005312 3
005376 3
005227 3
006333 3
003422 3
002240 3
004812 3
002733 3
000747 3
007378 3
001346 3
004956 3
004630 3
000283 3
002577 3
006719 3
003510 3
004209 3
000573 3
007021 3
003945 3
004840 3
005237 3
001942 3
007336 3
000345 3
000314 3
006782 3
002530 3
006199 3
005759 3
003370 3
005490 3
001860 3
003014 3
002646 3
001722 3
000913 3
002705 3
006420 3
000529 3
004717 3
000635 3
005484 3
001050 3
002115 3
002215 3
003827 3
006487 3
007361 3
001087 3
000949 3
002175 3
007053 3
005286 3
003246 3
006714 3
000845 3
003313 3
003033 3
004704 3
000273 3
000143 3
001418 3
002095 3
000613 3
006536 3
005640 3
004353 3
002373 3
003544 3
001952 2
002720 2
003089 2
007024 2
006933 2
007222 2
004129 2
000808 2
000627 2
000481 2
005263 2
002772 2
000512 2
001807 2
002537 2
003733 2
007376 2
000451 2
005857 2
002624 2
001973 2
002521 2
002114 2
006111 2
006335 2
001816 2
001605 2
001196 2
004088 2
003415 2
003303 2
002491 2
000200 2
005081 2
003385 2
006705 2
003604 2
002284 2
006019 2
003793 2
000921 2
005938 2
002701 2
006367 2
004488 2
003761 2
003630 2
001360 2
003990 2
001792 2
000303 2
000194 2
003029 2
005933 2
006377 2
004784 2
003264 2
005289 2
000221 2
001704 2
001325 2
004865 2
005141 2
006890 2
003928 2
007406 2
002061 2
003077 2
005738 2
006360 2
002603 2
000878 2
002653 2
006680 2
004765 2
002501 2
006221 2
003366 2
000829 2
001637 2
003496 2
006440 2
006044 2
007345 2
000832 2
007382 2
001824 2
004016 2
004446 2
004613 2
006214 2
001766 2
000690 2
003846 2
006586 2
004918 2
007008 2
007168 2
004256 2
001313 2
002728 2
001339 2
003109 2
003168 2
003127 2
005060 2
003062 2
006537 2
001157 2
002141 2
003427 2
005576 2
004699 2
000786 2
004501 2
002844 2
000174 2
006774 2
000011 2
002564 2
007279 2
006946 2
004427 2
001698 2
006505 2
001652 2
006563 2
004529 2
000205 2
003432 2
005451 2
003783 2
007078 2
006880 2
002620 2
001546 2
003685 2
003805 2
005375 2
003316 2
001524 2
000438 2
002700 2
000456 2
002791 2
001761 2
007173 2
000893 2
003814 2
004395 2
004332 2
005450 2
004130 2
001828 2
005701 2
003222 2
002916 2
003741 2
005346 2
001439 2
003046 2
004211 2
005828 2
002796 2
003479 2
001756 2
006185 2
000852 2
000816 2
003754 2
005100 2
002630 2
000698 2
006818 2
005343 2
002655 2
001343 2
004377 2
006419 2
005199 2
003397 2
004203 2
000672 2
006690 2
000119 2
003360 2
004195 2
005363 2
000608 2
001579 2
003426 2
001436 2
002307 2
004266 2
006374 2
004225 2
002383 2
001026 2
006140 2
007340 2
000230 2
005594 2
001386 2
004077 2
007133 2
002011 2
005678 2
001784 2
005706 2
004183 2
007405 2
003212 2
006529 2
001121 2
003698 2
003223 2
000561 2
003956 2
005558 2
006357 2
001390 2
002715 2
006905 2
001920 2
004461 2
004904 2
000869 2
004355 2
000679 2
002684 2
000967 2
000650 2
005388 2
003893 2
003045 2
002955 2
001347 2
006999 2
000024 2
002428 2
004342 2
006773 2
006021 2
001887 2
001014 2
002553 2
007370 2
002570 2
004176 2
005951 2
004531 2
007229 2
000219 2
000464 2
004178 2
001997 2
005259 2
005447 2
004117 2
006706 2
003099 2
005444 2
000775 2
000807 2
000661 2
004018 2
002806 2
005412 2
002910 2
002291 2
003467 2
005603 2
006681 2
007389 2
005079 2
005393 2
000711 2
001737 2
001501 2
007352 2
002188 2
004133 2
000836 2
003270 2
005108 2
001291 2
003450 2
005656 2
004785 2
003726 2
002966 2
004878 2
005296 2
000564 2
003111 2
005493 2
001076 2
001762 2
003367 2
005120 2
004607 2
000658 2
002037 2
001906 2
007270 2
000872 2
004898 2
004649 2
007268 2
004362 2
002488 2
002803 2
001516 2
001993 2
003000 2
006835 2
006183 2
002924 2
003425 2
002814 2
006792 2
006887 2
006806 2
005880 2
005742 2
004464 2
005673 2
005277 2
004087 2
005658 2
000865 2
004775 2
000233 2
003850 2
004457 2
006421 2
005470 2
001823 2
000326 2
003373 2
005626 2
002636 2
000682 2
003011 2
000767 2
004315 2
002901 2
006771 2
004056 2
005279 2
001629 2
000644 2
002370 2
005515 2
004081 2
002977 2
002006 2
006957 2
005823 2
005437 2
003714 2
006938 2
001851 2
000198 2
006255 2
001137 2
000766 2
000617 2
000817 2
001081 2
002945 2
004615 2
001069 2
001706 2
004428 2
004683 2
002472 2
002127 2
002259 2
007152 2
000566 2
003273 2
001677 2
004732 2
003068 2
005441 2
002104 2
001430 2
004182 2
004013 2
000659 2
004020 2
006803 2
005364 2
004356 2
006280 2
004972 2
002269 2
001588 2
001396 2
000004 2
004171 2
005340 2
003419 2
000851 2
006085 2
005694 2
001647 2
006216 2
002938 2
003263 2
006439 2
004877 2
005482 2
003606 2
005396 2
004335 2
005703 2
000973 2
005503 2
002804 2
001095 2
007317 2
006454 2
006023 2
003433 2
001566 2
006785 2
001886 2
004202 2
004795 2
002374 2
007176 2
005146 2
007298 2
006553 2
000175 2
003129 2
001660 2
001310 2
005235 2
006550 2
006528 2
002856 2
007395 2
001988 2
001236 2
006626 2
006627 2
006592 2
004850 2
000268 2
006888 2
000630 2
001166 2
006459 2
004340 2
004008 2
005878 2
007143 2
005882 2
004922 2
006696 2
006881 2
005939 2
006671 2
001283 2
003583 2
001099 2
004573 2
004760 2
002900 2
004318 2
003182 2
002513 2
006558 2
006511 2
000087 2
000433 2
006758 2
003489 2
002709 2
007258 2
001041 2
003525 2
007335 2
001485 2
004459 2
007125 2
001532 2
003477 2
004561 2
006363 2
001890 2
000576 2
006128 2
000349 2
001359 2
004728 2
002902 2
003520 2
001307 2
003556 2
003217 2
004577 2
005048 2
006443 2
005538 2
003511 2
002401 2
001456 2
007457 2
000972 2
001810 2
000440 2
005339 2
004848 2
002522 2
004152 2
004681 2
002017 2
002798 2
001675 2
001936 2
005676 2
005854 2
000700 2
005851 2
003897 2
006930 2
003204 2
001922 2
007141 2
000018 2
004358 2
006343 2
000988 2
005483 2
005268 2
000662 2
002121 2
006248 2
002124 2
006802 2
005421 2
005015 2
007221 2
004364 2
006966 2
000830 2
001229 2
000723 2
004456 2
000383 2
007025 2
000799 2
006062 2
004657 2
001176 2
005786 2
005404 2
003195 2
000190 2
001259 2
005543 2
000610 2
002882 2
004745 2
006646 2
005535 2
000126 2
002330 2
000027 2
006556 2
004321 2
002494 2
002165 2
002776 2
005616 2
004153 2
001974 2
001900 2
001703 2
001797 2
006038 2
000355 2
002125 2
002919 2
000306 2
000281 2
003629 2
007079 2
006235 2
001768 2
003286 2
002783 2
004494 2
004974 2
001238 2
005872 2
003729 2
001478 2
002578 2
001800 2
001987 2
005894 2
001451 2
005565 2
002535 2
005633 2
006504 2
003559 2
000207 2
001664 2
005619 2
005284 2
002123 2
003722 2
006270 2
002849 2
007439 2
000517 2
002210 2
007083 2
003711 2
006741 2
002288 2
000353 2
000309 2
000501 2
007334 2
003074 2
003179 2
003739 2
006100 2
003079 2
001218 2
005657 2
004058 2
001832 2
002361 2
000347 2
006105 2
004783 2
007207 2
005091 2
004585 2
006086 2
000457 2
000783 2
006378 2
006218 2
005517 2
006796 2
004403 2
007397 2
004034 2
005133 2
002276 2
006351 2
000707 2
007356 2
006024 2
004727 2
004669 2
000569 2
002802 2
004041 2
004590 2
007217 2
006061 2
003003 2
005716 2
000009 2
005440 2
006912 2
003861 2
000411 2
003518 2
006949 2
001093 2
004208 2
005549 2
004895 2
005977 2
006072 2
003769 2
000322 2
005638 2
004210 2
003390 2
002081 2
001567 2
001669 2
001178 2
000308 2
003534 2
000489 2
006001 2
005297 2
006492 2
004963 2
001633 2
003482 2
005697 2
003889 2
000409 2
001122 2
001948 2
001613 2
006577 2
000536 2
002118 2
001713 2
000790 2
000170 2
003692 2
005448 2
003065 2
000656 2
006850 2
001617 2
001392 2
006965 2
002556 2
002690 2
001260 2
006657 2
006265 2
001327 2
004939 2
007055 2
006693 2
005080 2
003771 2
001402 2
003536 2
006712 2
001292 2
005739 2
005066 2
001092 2
001968 2
003117 2
007010 2
001821 2
000740 2
000255 2
001693 2
006988 2
007224 2
003552 2
007181 2
002545 2
007238 2
007044 2
001699 2
005641 2
002591 2
005243 2
005783 2
002116 2
000307 2
000128 2
004097 2
002138 2
001924 2
004309 2
004547 2
000399 2
006974 2
005506 2
003100 2
006340 2
006170 2
005840 2
006181 2
002779 2
004140 2
005365 2
003384 2
006745 2
004397 2
001053 2
005607 2
000267 2
002512 2
007190 2
003083 2
000060 2
002891 2
000999 2
006916 2
007245 2
003060 2
005244 2
004159 2
002582 2
000132 2
000697 2
003925 2
006051 2
000278 2
004131 2
004347 2
004212 2
005943 2
002565 2
005432 2
006574 2
002768 2
005925 2
000155 2
006159 2
007286 2
004567 2
003413 2
005068 2
004040 2
000550 2
001152 2
003542 2
004180 2
005267 2
006601 2
000629 2
006182 2
005865 2
003645 2
006148 2
000800 2
005378 2
000044 2
006921 2
005582 2
001739 2
005916 2
002047 2
003096 2
002838 2
001881 2
006750 2
001471 2
001636 2
003401 2
005477 2
003196 2
005841 2
002852 2
007302 2
006997 2
003081 2
006274 2
006115 2
006232 2
006178 2
003110 2
002664 2
007324 2
007052 2
000710 2
001717 2
001802 2
001008 2
003678 2
003669 2
007328 2
004925 2
001484 2
004231 2
005965 2
006815 2
006516 2
002740 2
003144 2
004454 2
003088 2
006937 2
005219 2
002421 2
001888 2
006415 2
005194 2
003798 2
003431 2
006962 2
006441 2
003926 2
000818 2
004292 2
003205 2
002515 2
001869 2
004422 2
001865 2
006196 2
003148 2
003527 2
001489 2
002999 2
005763 2
002064 2
002915 2
005240 2
007473 2
005544 2
000151 2
003159 2
000761 2
002574 2
000771 2
006977 2
004330 2
000547 2
004490 2
004498 2
005425 2
004404 2
003668 2
007326 2
005790 2
003856 2
006841 2
003738 2
006876 2
004569 2
004826 2
002877 2
007030 2
001266 2
000333 2
002010 2
002109 2
001615 2
005001 2
003102 2
006247 2
001575 2
004339 2
003035 2
000023 2
000715 2
001194 2
006478 2
003389 2
005021 2
001949 2
004415 2
003988 2
002710 2
000396 2
002466 2
001492 2
000228 2
001419 2
006762 2
006499 2
005328 2
006767 2
007250 2
002550 2
001849 2
001302 2
006133 2
000717 2
006763 2
001854 2
001752 2
002336 2
006839 2
001726 2
007381 2
000507 2
001263 2
004189 2
003788 2
004692 2
000001 2
003837 2
001531 2
000813 2
007452 2
003550 2
002325 2
006436 2
002519 2
003972 2
005390 2
004233 2
006821 2
006442 2
006204 2
006407 2
005223 2
002076 2
001212 2
004914 2
003112 2
005460 2
002298 2
004003 2
004662 2
003322 2
000295 2
000448 2
000280 2
005525 2
001285 2
006600 2
004870 2
005475 2
003296 2
000657 2
002477 2
006124 2
006875 2
006168 2
001627 2
000097 2
005785 2
007428 2
004187 2
003607 2
006373 2
001577 2
002951 2
003220 2
007281 2
005733 2
001833 2
006581 2
003702 2
002034 2
006687 2
006727 2
003126 2
002918 2
000378 2
007358 2
006331 2
003548 2
000177 2
004173 2
000508 2
001945 2
001295 2
000033 2
001156 2
002725 2
002563 2
001269 2
003031 2
002198 2
003050 2
006919 2
003383 2
006323 2
003613 2
006565 2
005467 2
002876 2
006742 2
007111 2
000282 2
006382 2
006674 2
002645 2
004629 2
005192 2
004445 2
006017 2
000260 2
004239 2
003186 2
004698 2
002610 2
007468 2
007122 2
003276 2
005792 2
000821 2
004026 2
002434 2
003627 2
001776 2
006227 2
006688 2
001985 2
002894 2
001728 2
005039 2
000876 2
000203 2
002207 2
001251 2
004807 2
004550 2
000366 2
004582 2
003156 2
003671 2
003504 2
003084 2
003558 2
006896 2
006572 2
001425 2
005511 2
004240 2
006670 2
005215 2
003908 2
004759 2
003841 2
003795 2
004579 2
002681 2
005085 2
007227 2
002506 2
002420 2
006555 2
000794 2
004089 2
002400 2
004451 2
005541 2
003575 2
001779 2
004442 2
004847 2
005897 2
006444 2
005513 2
002699 2
000416 2
005232 2
004112 2
004134 2
007469 2
003734 2
000082 2
005747 2
006022 2
002171 2
000860 2
000801 2
001601 2
002840 2
002140 2
006634 2
000208 2
006554 2
003615 2
000394 2
000595 2
006768 2
002808 2
000334 2
000925 2
004712 2
001805 2
007271 2
006715 2
000673 2
000505 2
000437 2
006582 2
004862 2
001785 2
000482 2
007006 2
003890 2
004373 2
001861 2
000081 2
000454 2
001786 2
005545 2
005990 2
002265 2
004374 2
001912 2
002764 2
002312 2
003118 2
000237 2
005859 2
004952 2
002122 2
004425 2
003108 2
002499 2
001811 2
006387 2
002528 2
002781 2
005870 2
003267 2
003948 2
000866 2
004893 2
003899 2
000883 2
000926 2
003875 2
001250 2
001115 2
001834 2
000908 2
005430 2
006855 2
003306 2
005895 2
001927 2
000504 2
002166 2
006032 2
005387 2
003229 2
005715 2
001712 2
007062 2
001234 2
003950 2
000858 2
004581 2
003572 2
002836 2
000388 2
005608 2
001331 2
002628 2
005311 2
000006 2
005974 2
004744 2
005474 2
002633 2
001473 2
001905 2
005765 2
002032 2
001889 2
000932 2
006716 2
005170 2
004796 2
003180 2
004107 2
002820 2
004215 2
006213 2
001061 2
005207 2
005846 2
001366 2
005093 2
002819 2
002850 2
000145 2
006658 2
006165 2
005208 2
001827 2
001049 2
006112 2
007158 2
006267 2
003996 2
000417 2
002365 2
002717 2
001526 2
004139 2
002278 2
005838 2
005303 2
000873 2
003218 2
003472 2
007197 2
002143 2
006747 2
001067 2
004997 2
000012 2
004172 2
004849 2
002598 2
004106 2
001482 2
002191 2
004489 2
001064 2
006132 2
004283 2
005452 2
006250 2
007413 2
000889 1
006776 1
007332 1
001324 1
006739 1
000406 1
005651 1
005554 1
005887 1
000839 1
005995 1
002703 1
003867 1
005370 1
006691 1
002316 1
004111 1
002842 1
005353 1
000085 1
005117 1
002022 1
004043 1
002518 1
002261 1
003354 1
005114 1
004436 1
001729 1
001724 1
005688 1
003158 1
006057 1
002642 1
006986 1
007112 1
006311 1
000071 1
000820 1
003451 1
003363 1
004969 1
003152 1
004951 1
005009 1
001640 1
000013 1
007446 1
003114 1
002358 1
001793 1
001738 1
001409 1
003888 1
004584 1
005776 1
002242 1
002884 1
002071 1
004408 1
001487 1
006900 1
000241 1
007276 1
006456 1
000855 1
001760 1
004872 1
006466 1
005497 1
003578 1
000476 1
000670 1
001639 1
007058 1
006485 1
003963 1
005518 1
003667 1
004046 1
001847 1
006934 1
003610 1
003962 1
002950 1
003153 1
006918 1
001373 1
004788 1
000179 1
004523 1
002903 1
003789 1
003594 1
006476 1
004279 1
001696 1
000815 1
002162 1
006276 1
006813 1
003362 1
003597 1
000300 1
002217 1
006700 1
004438 1
000292 1
005745 1
006091 1
003643 1
002309 1
001144 1
003207 1
001171 1
005130 1
006087 1
003784 1
004618 1
006065 1
004539 1
007295 1
004359 1
004250 1
006668 1
005968 1
003233 1
006049 1
001267 1
000341 1
000100 1
001004 1
002650 1
006230 1
004741 1
005994 1
000602 1
004559 1
003557 1
001177 1
003616 1
002657 1
004030 1
001316 1
004600 1
006223 1
003161 1
004059 1
002430 1
003828 1
006428 1
005966 1
002668 1
004345 1
006518 1
004394 1
003324 1
006584 1
000428 1
006288 1
001282 1
004367 1
003825 1
004829 1
004562 1
002608 1
005692 1
003036 1
001105 1
007220 1
006541 1
003862 1
003582 1
004227 1
004399 1
007409 1
000257 1
006522 1
006925 1
006617 1
001079 1
002757 1
000654 1
004334 1
007418 1
006313 1
001030 1
006994 1
004671 1
001518 1
001051 1
004936 1
000978 1
004565 1
006234 1
005875 1
001219 1
001789 1
005323 1
006797 1
002073 1
007461 1
000587 1
003243 1
002026 1
001935 1
006732 1
002019 1
004316 1
005424 1
003251 1
006384 1
005789 1
007399 1
006075 1
005485 1
001727 1
004485 1
000560 1
002192 1
001341 1
003765 1
006325 1
002327 1
001198 1
005212 1
005555 1
004861 1
003768 1
005930 1
002997 1
002197 1
006142 1
002500 1
002607 1
004384 1
003530 1
002099 1
003282 1
007076 1
005187 1
003009 1
005710 1
005944 1
003546 1
006380 1
003632 1
000533 1
001319 1
001213 1
001433 1
000842 1
002585 1
006709 1
006309 1
003654 1
003723 1
004532 1
002766 1
005305 1
001126 1
005456 1
005331 1
005344 1
005491 1
005502 1
004503 1
004656 1
003869 1
001714 1
006327 1
001791 1
004947 1
004258 1
003469 1
003189 1
005563 1
006209 1
003201 1
002467 1
007438 1
002431 1
000066 1
002160 1
004855 1
004890 1
000084 1
006318 1
005740 1
005082 1
005037 1
002148 1
003623 1
004864 1
005233 1
004085 1
002304 1
006200 1
002829 1
005521 1
005121 1
001001 1
000196 1
002186 1
005446 1
003445 1
006608 1
007009 1
003584 1
005118 1
007113 1
005907 1
006545 1
000446 1
004005 1
006375 1
005869 1
005368 1
006259 1
000077 1
002001 1
002231 1
002464 1
002025 1
002538 1
001870 1
000390 1
004413 1
003248 1
002590 1
004080 1
002396 1
005115 1
003750 1
003628 1
001730 1
000989 1
001599 1
000773 1
005169 1
007144 1
003590 1
004687 1
006455 1
001027 1
002749 1
000026 1
001375 1
004028 1
005681 1
004927 1
002755 1
004115 1
002941 1
007136 1
000584 1
007285 1
003318 1
004302 1
005372 1
003210 1
003266 1
002995 1
006119 1
001321 1
007455 1
003924 1
006677 1
003752 1
003297 1
001110 1
000828 1
005078 1
000240 1
000473 1
002600 1
004109 1
006748 1
004416 1
006347 1
003682 1
002174 1
003380 1
007275 1
003438 1
000530 1
000788 1
005075 1
006827 1
000435 1
005731 1
006860 1
001644 1
002411 1
000731 1
007251 1
006484 1
004365 1
003259 1
001702 1
006786 1
005522 1
000229 1
004695 1
003533 1
003402 1
006207 1
000923 1
000812 1
001101 1
006393 1
001090 1
003913 1
005644 1
003485 1
000571 1
001589 1
006088 1
001972 1
006730 1
000581 1
000518 1
005309 1
001382 1
003133 1
003038 1
006359 1
005205 1
001628 1
002921 1
005533 1
006239 1
003191 1
001525 1
004805 1
002329 1
001871 1
007331 1
007441 1
000905 1
004623 1
000042 1
006636 1
005941 1
004094 1
000950 1
007307 1
004201 1
000901 1
001338 1
005472 1
002969 1
001880 1
002979 1
000153 1
006823 1
006683 1
000102 1
004924 1
003791 1
004740 1
004448 1
006872 1
003140 1
002759 1
001400 1
004928 1
006120 1
000469 1
006682 1
002862 1
002640 1
000596 1
005551 1
000781 1
002196 1
006364 1
002707 1
003906 1
003232 1
004527 1
001132 1
005956 1
006352 1
000461 1
000933 1
007049 1
001707 1
003776 1
003636 1
001561 1
003125 1
001944 1
005883 1
001379 1
000277 1
000040 1
000332 1
005592 1
003940 1
003683 1
007265 1
000232 1
005355 1
001694 1
005809 1
005252 1
002609 1
004570 1
002663 1
006790 1
005912 1
001239 1
000874 1
002069 1
006121 1
007002 1
006784 1
006473 1
003502 1
000272 1
006583 1
004060 1
001641 1
003199 1
003880 1
007464 1
004908 1
005509 1
000727 1
005988 1
000968 1
005898 1
000738 1
002190 1
002362 1
004349 1
000911 1
001193 1
007155 1
001197 1
002675 1
001074 1
000896 1
005226 1
007471 1
000928 1
002784 1
005336 1
003420 1
005768 1
001520 1
002932 1
007048 1
006596 1
003540 1
005548 1
005003 1
007290 1
006613 1
004886 1
004065 1
007416 1
002666 1
001167 1
000247 1
005402 1
006759 1
002475 1
001570 1
004983 1
005810 1
005593 1
007147 1
003763 1
002713 1
005270 1
007319 1
002523 1
006139 1
006908 1
000966 1
002013 1
001422 1
001098 1
004665 1
001068 1
000134 1
004230 1
006279 1
000718 1
003447 1
001631 1
001381 1
006809 1
000525 1
003049 1
003728 1
004419 1
003326 1
001355 1
002514 1
004706 1
001437 1
001312 1
001329 1
002463 1
005510 1
004608 1
002355 1
003376 1
003817 1
007434 1
000556 1
005225 1
005150 1
004074 1
002742 1
001395 1
003495 1
005756 1
003069 1
001345 1
001814 1
005617 1
006794 1
003028 1
002425 1
002949 1
006703 1
000029 1
005065 1
005597 1
006433 1
007417 1
001466 1
003464 1
002315 1
005532 1
002619 1
001202 1
006698 1
007304 1
006446 1
002908 1
001047 1
001025 1
005462 1
001809 1
004110 1
005993 1
007086 1
004142 1
000687 1
004907 1
004453 1
000730 1
004338 1
004076 1
006701 1
000653 1
006606 1
000091 1
003637 1
003076 1
005714 1
003374 1
006981 1
004460 1
002775 1
001822 1
000559 1
000625 1
004970 1
001070 1
007377 1
006777 1
001653 1
007347 1
002931 1
007321 1
004075 1
002045 1
000526 1
000313 1
007262 1
000544 1
002583 1
000336 1
005836 1
000552 1
000141 1
005662 1
006510 1
000331 1
001798 1
006414 1
007432 1
006316 1
000955 1
007449 1
005587 1
001408 1
006884 1
004327 1
005702 1
003895 1
001265 1
004437 1
001109 1
002944 1
001913 1
004693 1
006010 1
007105 1
006176 1
003970 1
000214 1
000514 1
000444 1
004638 1
002531 1
001111 1
001678 1
002391 1
001650 1
007127 1
004143 1
006406 1
005077 1
003724 1
001358 1
003178 1
002800 1
005980 1
003612 1
001353 1
005750 1
000015 1
005471 1
002343 1
005262 1
000565 1
001235 1
003070 1
006076 1
001626 1
001879 1
000220 1
007077 1
003727 1
003693 1
003689 1
000206 1
006607 1
007161 1
004000 1
006012 1
006118 1
000122 1
003942 1
001715 1
005550 1
001581 1
003635 1
000840 1
002204 1
005684 1
001488 1
004991 1
000979 1
000665 1
001624 1
000895 1
000834 1
004641 1
004465 1
000888 1
002283 1
005035 1
003452 1
001420 1
006697 1
000094 1
005825 1
000546 1
002524 1
006651 1
006931 1
002213 1
001795 1
003090 1
001903 1
007130 1
006975 1
004628 1
003580 1
003292 1
004879 1
006219 1
005183 1
001549 1
000329 1
001350 1
005726 1
000835 1
002654 1
007293 1
004522 1
004726 1
006609 1
004566 1
003877 1
000881 1
006816 1
000434 1
005168 1
007374 1
006282 1
003868 1
002016 1
004414 1
002438 1
007255 1
005679 1
002695 1
002855 1
000474 1
004441 1
000056 1
002447 1
006348 1
002179 1
004223 1
000124 1
004278 1
006654 1
003560 1
000202 1
004987 1
004749 1
004325 1
002634 1
001853 1
000090 1
002909 1
003294 1
004291 1
006171 1
004389 1
004676 1
006289 1
006397 1
005604 1
001635 1
004768 1
002830 1
004960 1
004815 1
003329 1
005799 1
005172 1
004357 1
005808 1
004597 1
005254 1
001188 1
002245 1
003966 1
001568 1
000460 1
005902 1
002761 1
005070 1
004168 1
003766 1
002243 1
004933 1
007282 1
001112 1
002835 1
004204 1
002220 1
007362 1
005713 1
000414 1
001286 1
004285 1
006193 1
005839 1
007187 1
004487 1
002502 1
002055 1
000568 1
001540 1
001335 1
004552 1
007257 1
004536 1
007305 1
003059 1
002031 1
000759 1
000954 1
000797 1
002053 1
002154 1
002403 1
004709 1
002568 1
004147 1
002482 1
002342 1
002445 1
003487 1
000123 1
003634 1
002094 1
002348 1
000367 1
006287 1
001719 1
001271 1
002368 1
003188 1
001215 1
002164 1
001384 1
006566 1
005304 1
007109 1
003774 1
004313 1
005131 1
001401 1
002120 1
006546 1
001998 1
002251 1
005005 1
002958 1
006947 1
000961 1
001899 1
003359 1
002551 1
000156 1
002066 1
006206 1
004791 1
003743 1
002659 1
005749 1
000215 1
002892 1
001700 1
003516 1
005110 1
001005 1
003290 1
003245 1
006212 1
004634 1
005978 1
003673 1
006800 1
004507 1
002865 1
005767 1
001950 1
000034 1
006070 1
000003 1
000105 1
004497 1
002660 1
001931 1
004667 1
004505 1
001297 1
003365 1
005804 1
005960 1
006349 1
006749 1
005047 1
006465 1
000824 1
006744 1
006071 1
003250 1
004149 1
001210 1
006615 1
004901 1
001503 1
000538 1
000014 1
000051 1
000002 1
002810 1
004737 1
004151 1
004398 1
006675 1
005614 1
006346 1
001684 1
001975 1
006339 1
004072 1
000678 1
005753 1
000777 1
000618 1
001598 1
005655 1
005158 1
003978 1
003631 1
006083 1
002426 1
004568 1
005934 1
004474 1
005964 1
000375 1
002264 1
000467 1
000017 1
001135 1
005816 1
003821 1
006252 1
000997 1
003183 1
002504 1
000990 1
001231 1
007212 1
003348 1
002280 1
003611 1
002252 1
000838 1
006283 1
006094 1
000636 1
003475 1
003279 1
001961 1
003522 1
003261 1
004853 1
005394 1
003411 1
006217 1
001046 1
007287 1
004771 1
002694 1
005867 1
006760 1
006893 1
003873 1
007215 1
002323 1
006924 1
004535 1
006488 1
007410 1
003258 1
005278 1
003466 1
000810 1
006865 1
004944 1
001933 1
006603 1
007460 1
003387 1
001066 1
006197 1
004015 1
003198 1
003977 1
001529 1
005445 1
003463 1
002648 1
006460 1
003123 1
002780 1
002492 1
002390 1
001018 1
003242 1
002429 1
004495 1
002091 1
004044 1
006226 1
003155 1
004273 1
003688 1
001981 1
002560 1
001315 1
006144 1
000431 1
001258 1
002723 1
005769 1
005805 1
000239 1
006521 1
005307 1
002953 1
003709 1
002469 1
001160 1
001527 1
004889 1
006610 1
002589 1
000180 1
005197 1
004443 1
003826 1
000523 1
005351 1
003712 1
002736 1
000607 1
004380 1
001298 1
002100 1
003047 1
003753 1
005292 1
000622 1
007472 1
002936 1
003446 1
004903 1
007175 1
000900 1
004977 1
002244 1
001450 1
006396 1
004253 1
002669 1
006210 1
002063 1
004132 1
004873 1
005961 1
004393 1
007090 1
001657 1
001502 1
002596 1
002337 1
006304 1
004591 1
006621 1
003554 1
003835 1
003424 1
001957 1
003071 1
000422 1
000147 1
002052 1
005224 1
006184 1
002813 1
000964 1
002453 1
001619 1
006711 1
004271 1
005850 1
006104 1
001399 1
000020 1
005202 1
006801 1
000593 1
005690 1
005949 1
003573 1
005547 1
003342 1
003174 1
005408 1
003448 1
000779 1
002089 1
005369 1
001620 1
004079 1
004429 1
006547 1
007322 1
003523 1
004524 1
004224 1
002296 1
005358 1
003166 1
002206 1
001130 1
007420 1
005615 1
001427 1
003596 1
007103 1
004954 1
000418 1
002393 1
006383 1
003918 1
004675 1
007057 1
000108 1
001783 1
001242 1
004170 1
000088 1
001006 1
006898 1
000534 1
003680 1
006107 1
000535 1
001672 1
001407 1
001017 1
002222 1
003400 1
005302 1
002487 1
003579 1
003044 1
000764 1
006244 1
000224 1
001892 1
002146 1
006101 1
001716 1
001496 1
003336 1
002036 1
006793 1
002321 1
000774 1
003414 1
002235 1
002273 1
006353 1
001362 1
000563 1
001432 1
003987 1
006427 1
001186 1
001364 1
001155 1
003718 1
007450 1
006020 1
001946 1
002562 1
007390 1
006479 1
007074 1
001385 1
003748 1
006188 1
003449 1
005969 1
007082 1
003145 1
007348 1
001749 1
004937 1
000880 1
007186 1
003398 1
004655 1
